
ans =

     0

This is script #2/2 for NMF
X years of data, Station is J8

ans =

     0

J8
>>>>>>> H matrix computation
Finished 1: 0.36447 minutes left
Finished 2: 0.29253 minutes left
Finished 3: 0.26145 minutes left
Finished 4: 0.23497 minutes left
Finished 5: 0.22786 minutes left
Finished 6: 0.21479 minutes left
Finished 7: 0.21209 minutes left
Finished 8: 0.20301 minutes left
Finished 9: 0.20167 minutes left
Finished 10: 0.19889 minutes left
Finished 11: 0.19278 minutes left
Finished 12: 0.19008 minutes left
Finished 13: 0.18717 minutes left
Finished 14: 0.18451 minutes left
Finished 15: 0.1825 minutes left
Finished 16: 0.18248 minutes left
Finished 17: 0.1826 minutes left
Finished 18: 0.17999 minutes left
Finished 19: 0.17805 minutes left
Finished 20: 0.17769 minutes left
Finished 21: 0.17825 minutes left
Finished 22: 0.17844 minutes left
Finished 23: 0.17775 minutes left
Finished 24: 0.17701 minutes left
Finished 25: 0.17526 minutes left
Finished 26: 0.1756 minutes left
Finished 27: 0.17572 minutes left
Finished 28: 0.17535 minutes left
Finished 29: 0.17595 minutes left
Finished 30: 0.17506 minutes left
Finished 31: 0.17545 minutes left
Finished 32: 0.1744 minutes left
Finished 33: 0.17422 minutes left
Finished 34: 0.17363 minutes left
Finished 35: 0.17395 minutes left
Finished 36: 0.17331 minutes left
Finished 37: 0.17416 minutes left
Finished 38: 0.1735 minutes left
Finished 39: 0.17367 minutes left
Finished 40: 0.17336 minutes left
Finished 41: 0.1729 minutes left
Finished 42: 0.17328 minutes left
Finished 43: 0.17404 minutes left
Finished 44: 0.17488 minutes left
Finished 45: 0.17526 minutes left
Finished 46: 0.17523 minutes left
Finished 47: 0.17496 minutes left
Finished 48: 0.17513 minutes left
Finished 49: 0.17506 minutes left
Finished 50: 0.17455 minutes left
Finished 51: 0.17372 minutes left
Finished 52: 0.17282 minutes left
Finished 53: 0.17216 minutes left
Finished 54: 0.17282 minutes left
Finished 55: 0.17219 minutes left
Finished 56: 0.17234 minutes left
Finished 57: 0.17186 minutes left
Finished 58: 0.17247 minutes left
Finished 59: 0.17166 minutes left
Finished 60: 0.17165 minutes left
Finished 61: 0.17129 minutes left
Finished 62: 0.17141 minutes left
Finished 63: 0.1712 minutes left
Finished 64: 0.17088 minutes left
Finished 65: 0.17124 minutes left
Finished 66: 0.17063 minutes left
Finished 67: 0.17089 minutes left
Finished 68: 0.17016 minutes left
Finished 69: 0.17021 minutes left
Finished 70: 0.17011 minutes left
Finished 71: 0.16941 minutes left
Finished 72: 0.16934 minutes left
Finished 73: 0.16921 minutes left
Finished 74: 0.16966 minutes left
Finished 75: 0.16904 minutes left
Finished 76: 0.16922 minutes left
Finished 77: 0.16864 minutes left
Finished 78: 0.16822 minutes left
Finished 79: 0.1681 minutes left
Finished 80: 0.16814 minutes left
Finished 81: 0.16787 minutes left
Finished 82: 0.16746 minutes left
Finished 83: 0.16698 minutes left
Finished 84: 0.16653 minutes left
Finished 85: 0.16611 minutes left
Finished 86: 0.16589 minutes left
Finished 87: 0.166 minutes left
Finished 88: 0.16547 minutes left
Finished 89: 0.16506 minutes left
Finished 90: 0.16495 minutes left
Finished 91: 0.16467 minutes left
Finished 92: 0.16469 minutes left
Finished 93: 0.1648 minutes left
Finished 94: 0.16468 minutes left
Finished 95: 0.16437 minutes left
Finished 96: 0.16435 minutes left
Finished 97: 0.16403 minutes left
Finished 98: 0.16371 minutes left
Finished 99: 0.16385 minutes left
Finished 100: 0.1635 minutes left
Finished 101: 0.16333 minutes left
Finished 102: 0.16305 minutes left
Finished 103: 0.16303 minutes left
Finished 104: 0.16263 minutes left
Finished 105: 0.16244 minutes left
Finished 106: 0.16212 minutes left
Finished 107: 0.16228 minutes left
Finished 108: 0.162 minutes left
Finished 109: 0.16224 minutes left
Finished 110: 0.16233 minutes left
Finished 111: 0.16245 minutes left
Finished 112: 0.16207 minutes left
Finished 113: 0.16185 minutes left
Finished 114: 0.1616 minutes left
Finished 115: 0.16136 minutes left
Finished 116: 0.16095 minutes left
Finished 117: 0.16072 minutes left
Finished 118: 0.16077 minutes left
Finished 119: 0.16088 minutes left
Finished 120: 0.16067 minutes left
Finished 121: 0.16064 minutes left
Finished 122: 0.16033 minutes left
Finished 123: 0.16018 minutes left
Finished 124: 0.15988 minutes left
Finished 125: 0.15964 minutes left
Finished 126: 0.1595 minutes left
Finished 127: 0.15931 minutes left
Finished 128: 0.15913 minutes left
Finished 129: 0.15911 minutes left
Finished 130: 0.15898 minutes left
Finished 131: 0.1589 minutes left
Finished 132: 0.15888 minutes left
Finished 133: 0.15851 minutes left
Finished 134: 0.15833 minutes left
Finished 135: 0.15824 minutes left
Finished 136: 0.15832 minutes left
Finished 137: 0.15835 minutes left
Finished 138: 0.15816 minutes left
Finished 139: 0.15784 minutes left
Finished 140: 0.1578 minutes left
Finished 141: 0.15772 minutes left
Finished 142: 0.15745 minutes left
Finished 143: 0.15745 minutes left
Finished 144: 0.15723 minutes left
Finished 145: 0.15716 minutes left
Finished 146: 0.15733 minutes left
Finished 147: 0.15735 minutes left
Finished 148: 0.1571 minutes left
Finished 149: 0.15678 minutes left
Finished 150: 0.15668 minutes left
Finished 151: 0.15635 minutes left
Finished 152: 0.15629 minutes left
Finished 153: 0.15611 minutes left
Finished 154: 0.1559 minutes left
Finished 155: 0.15582 minutes left
Finished 156: 0.15563 minutes left
Finished 157: 0.15537 minutes left
Finished 158: 0.15517 minutes left
Finished 159: 0.15514 minutes left
Finished 160: 0.15526 minutes left
Finished 161: 0.15527 minutes left
Finished 162: 0.15523 minutes left
Finished 163: 0.15525 minutes left
Finished 164: 0.15495 minutes left
Finished 165: 0.15467 minutes left
Finished 166: 0.15471 minutes left
Finished 167: 0.15454 minutes left
Finished 168: 0.15434 minutes left
Finished 169: 0.15418 minutes left
Finished 170: 0.15394 minutes left
Finished 171: 0.15389 minutes left
Finished 172: 0.15375 minutes left
Finished 173: 0.15371 minutes left
Finished 174: 0.15354 minutes left
Finished 175: 0.15353 minutes left
Finished 176: 0.15336 minutes left
Finished 177: 0.15351 minutes left
Finished 178: 0.15341 minutes left
Finished 179: 0.15331 minutes left
Finished 180: 0.15318 minutes left
Finished 181: 0.1529 minutes left
Finished 182: 0.15265 minutes left
Finished 183: 0.15251 minutes left
Finished 184: 0.15234 minutes left
Finished 185: 0.15241 minutes left
Finished 186: 0.1522 minutes left
Finished 187: 0.15204 minutes left
Finished 188: 0.15187 minutes left
Finished 189: 0.15168 minutes left
Finished 190: 0.1515 minutes left
Finished 191: 0.15123 minutes left
Finished 192: 0.15124 minutes left
Finished 193: 0.15101 minutes left
Finished 194: 0.15106 minutes left
Finished 195: 0.15084 minutes left
Finished 196: 0.15063 minutes left
Finished 197: 0.1505 minutes left
Finished 198: 0.15046 minutes left
Finished 199: 0.15016 minutes left
Finished 200: 0.14987 minutes left
Finished 201: 0.14972 minutes left
Finished 202: 0.14963 minutes left
Finished 203: 0.14947 minutes left
Finished 204: 0.1493 minutes left
Finished 205: 0.1492 minutes left
Finished 206: 0.14897 minutes left
Finished 207: 0.14885 minutes left
Finished 208: 0.14873 minutes left
Finished 209: 0.14866 minutes left
Finished 210: 0.14863 minutes left
Finished 211: 0.14841 minutes left
Finished 212: 0.14816 minutes left
Finished 213: 0.14812 minutes left
Finished 214: 0.14798 minutes left
Finished 215: 0.14788 minutes left
Finished 216: 0.14777 minutes left
Finished 217: 0.14757 minutes left
Finished 218: 0.1476 minutes left
Finished 219: 0.14738 minutes left
Finished 220: 0.14721 minutes left
Finished 221: 0.14701 minutes left
Finished 222: 0.14677 minutes left
Finished 223: 0.14658 minutes left
Finished 224: 0.14646 minutes left
Finished 225: 0.14625 minutes left
Finished 226: 0.14603 minutes left
Finished 227: 0.1459 minutes left
Finished 228: 0.1458 minutes left
Finished 229: 0.1457 minutes left
