
ans =

     0

This is script #1/2 for HMMs
Station is J8

ans =

     0

J8
>>>>>>> HMM computation

testload = 

  struct with fields:

       H: [16x33 double]
    Xpwr: [1x33 double]
    gain: [1x16 double]


dim =

    16

About 135.0783 minutes remaining...
Current step is 100/75000
About 136.0131 minutes remaining...
Current step is 200/75000
About 135.8306 minutes remaining...
Current step is 300/75000
About 136.7694 minutes remaining...
Current step is 400/75000
About 141.3991 minutes remaining...
Current step is 500/75000
About 139.5153 minutes remaining...
Current step is 600/75000
About 133.1273 minutes remaining...
Current step is 700/75000
About 140.4903 minutes remaining...
Current step is 800/75000
About 132.5844 minutes remaining...
Current step is 900/75000
About 153.5912 minutes remaining...
Current step is 1000/75000
About 131.3857 minutes remaining...
Current step is 1100/75000
About 129.8316 minutes remaining...
Current step is 1200/75000
About 132.7909 minutes remaining...
Current step is 1300/75000
About 133.6719 minutes remaining...
Current step is 1400/75000
About 134.4673 minutes remaining...
Current step is 1500/75000
About 139.0111 minutes remaining...
Current step is 1600/75000
About 130.9295 minutes remaining...
Current step is 1700/75000
About 138.1954 minutes remaining...
Current step is 1800/75000
About 137.5396 minutes remaining...
Current step is 1900/75000
About 139.4217 minutes remaining...
Current step is 2000/75000
About 134.6786 minutes remaining...
Current step is 2100/75000
About 130.9715 minutes remaining...
Current step is 2200/75000
About 129.9214 minutes remaining...
Current step is 2300/75000
About 154.8676 minutes remaining...
Current step is 2400/75000
About 134.9612 minutes remaining...
Current step is 2500/75000
About 132.4007 minutes remaining...
Current step is 2600/75000
About 131.8951 minutes remaining...
Current step is 2700/75000
About 132.5118 minutes remaining...
Current step is 2800/75000
About 131.4415 minutes remaining...
Current step is 2900/75000
About 132.6739 minutes remaining...
Current step is 3000/75000
About 131.676 minutes remaining...
Current step is 3100/75000
About 129.3035 minutes remaining...
Current step is 3200/75000
About 133.4882 minutes remaining...
Current step is 3300/75000
About 127.4864 minutes remaining...
Current step is 3400/75000
About 129.2268 minutes remaining...
Current step is 3500/75000
About 130.2955 minutes remaining...
Current step is 3600/75000
About 142.8033 minutes remaining...
Current step is 3700/75000
About 127.8272 minutes remaining...
Current step is 3800/75000
About 128.9871 minutes remaining...
Current step is 3900/75000
About 127.796 minutes remaining...
Current step is 4000/75000
About 128.3439 minutes remaining...
Current step is 4100/75000
About 126.011 minutes remaining...
Current step is 4200/75000
About 129.4532 minutes remaining...
Current step is 4300/75000
About 130.8422 minutes remaining...
Current step is 4400/75000
About 128.2286 minutes remaining...
Current step is 4500/75000
About 125.0649 minutes remaining...
Current step is 4600/75000
About 125.5481 minutes remaining...
Current step is 4700/75000
About 128.2361 minutes remaining...
Current step is 4800/75000
About 124.253 minutes remaining...
Current step is 4900/75000
About 137.1956 minutes remaining...
Current step is 5000/75000
About 128.489 minutes remaining...
Current step is 5100/75000
About 128.2018 minutes remaining...
Current step is 5200/75000
About 126.9057 minutes remaining...
Current step is 5300/75000
About 132.2667 minutes remaining...
Current step is 5400/75000
About 125.0103 minutes remaining...
Current step is 5500/75000
About 125.6774 minutes remaining...
Current step is 5600/75000
About 127.5692 minutes remaining...
Current step is 5700/75000
About 124.1143 minutes remaining...
Current step is 5800/75000
About 125.4826 minutes remaining...
Current step is 5900/75000
About 124.7353 minutes remaining...
Current step is 6000/75000
About 125.0444 minutes remaining...
Current step is 6100/75000
About 123.7293 minutes remaining...
Current step is 6200/75000
About 123.5016 minutes remaining...
Current step is 6300/75000
About 123.2244 minutes remaining...
Current step is 6400/75000
About 124.9331 minutes remaining...
Current step is 6500/75000
About 128.7704 minutes remaining...
Current step is 6600/75000
About 122.7668 minutes remaining...
Current step is 6700/75000
About 124.4238 minutes remaining...
Current step is 6800/75000
About 127.0461 minutes remaining...
Current step is 6900/75000
About 139.6037 minutes remaining...
Current step is 7000/75000
About 138.5282 minutes remaining...
Current step is 7100/75000
About 165.4789 minutes remaining...
Current step is 7200/75000
About 140.2694 minutes remaining...
Current step is 7300/75000
About 156.6077 minutes remaining...
Current step is 7400/75000
About 152.5904 minutes remaining...
Current step is 7500/75000
About 162.4427 minutes remaining...
Current step is 7600/75000
About 163.355 minutes remaining...
Current step is 7700/75000
About 117.4691 minutes remaining...
Current step is 7800/75000
About 118.3799 minutes remaining...
Current step is 7900/75000
About 119.4574 minutes remaining...
Current step is 8000/75000
About 121.1756 minutes remaining...
Current step is 8100/75000
About 120.075 minutes remaining...
Current step is 8200/75000
About 118.0516 minutes remaining...
Current step is 8300/75000
About 124.8231 minutes remaining...
Current step is 8400/75000
About 124.6282 minutes remaining...
Current step is 8500/75000
About 116.7072 minutes remaining...
Current step is 8600/75000
About 120.1401 minutes remaining...
Current step is 8700/75000
About 119.0055 minutes remaining...
Current step is 8800/75000
About 116.4124 minutes remaining...
Current step is 8900/75000
About 120.6102 minutes remaining...
Current step is 9000/75000
About 117.922 minutes remaining...
Current step is 9100/75000
About 116.7564 minutes remaining...
Current step is 9200/75000
About 119.7942 minutes remaining...
Current step is 9300/75000
About 115.0255 minutes remaining...
Current step is 9400/75000
About 117.132 minutes remaining...
Current step is 9500/75000
About 120.9857 minutes remaining...
Current step is 9600/75000
About 120.6841 minutes remaining...
Current step is 9700/75000
About 116.4128 minutes remaining...
Current step is 9800/75000
About 118.1546 minutes remaining...
Current step is 9900/75000
About 122.5709 minutes remaining...
Current step is 10000/75000
About 119.3282 minutes remaining...
Current step is 10100/75000
About 117.6504 minutes remaining...
Current step is 10200/75000
About 118.3189 minutes remaining...
Current step is 10300/75000
About 115.6646 minutes remaining...
Current step is 10400/75000
About 114.5849 minutes remaining...
Current step is 10500/75000
About 115.422 minutes remaining...
Current step is 10600/75000
About 114.1724 minutes remaining...
Current step is 10700/75000
About 120.6532 minutes remaining...
Current step is 10800/75000
About 117.8081 minutes remaining...
Current step is 10900/75000
About 116.5487 minutes remaining...
Current step is 11000/75000
About 114.7458 minutes remaining...
Current step is 11100/75000
About 115.8458 minutes remaining...
Current step is 11200/75000
About 116.1374 minutes remaining...
Current step is 11300/75000
About 114.8369 minutes remaining...
Current step is 11400/75000
About 115.5865 minutes remaining...
Current step is 11500/75000
About 113.4885 minutes remaining...
Current step is 11600/75000
About 121.3385 minutes remaining...
Current step is 11700/75000
About 112.7157 minutes remaining...
Current step is 11800/75000
About 121.5874 minutes remaining...
Current step is 11900/75000
About 111.6198 minutes remaining...
Current step is 12000/75000
About 115.8318 minutes remaining...
Current step is 12100/75000
About 116.3591 minutes remaining...
Current step is 12200/75000
About 115.0186 minutes remaining...
Current step is 12300/75000
