
ans =

     0

This is script #1/2 for NMF
Station is J8
J8
>>>>>>> NMF computation
Current step is 50/100000
Current step is 50/100000
About 450.5932 minutes remaining...
Current step is 100/100000
Current step is 100/100000
About 456.4397 minutes remaining...
Current step is 150/100000
Current step is 150/100000
About 233.8426 minutes remaining...
Current step is 200/100000
Current step is 200/100000
About 195.6266 minutes remaining...
Current step is 250/100000
Current step is 250/100000
About 303.3948 minutes remaining...
Current step is 300/100000
Current step is 300/100000
About 163.0082 minutes remaining...
Current step is 350/100000
Current step is 350/100000
About 244.7078 minutes remaining...
Current step is 400/100000
Current step is 400/100000
About 1450.7323 minutes remaining...
Current step is 450/100000
Current step is 450/100000
About 198.6164 minutes remaining...
Current step is 500/100000
Current step is 500/100000
About 1163.0406 minutes remaining...
Current step is 550/100000
Current step is 550/100000
About 527.6552 minutes remaining...
Current step is 600/100000
Current step is 600/100000
About 629.4108 minutes remaining...
Current step is 650/100000
Current step is 650/100000
About 1508.0929 minutes remaining...
Current step is 700/100000
Current step is 700/100000
About 216.2912 minutes remaining...
Current step is 750/100000
Current step is 750/100000
About 847.8761 minutes remaining...
Current step is 800/100000
Current step is 800/100000
About 1256.8418 minutes remaining...
Current step is 850/100000
Current step is 850/100000
About 318.659 minutes remaining...
Current step is 900/100000
Current step is 900/100000
About 440.5913 minutes remaining...
Current step is 950/100000
Current step is 950/100000
About 887.2615 minutes remaining...
Current step is 1000/100000
Current step is 1000/100000
About 1318.782 minutes remaining...
Current step is 1050/100000
Current step is 1050/100000
About 922.8358 minutes remaining...
Current step is 1100/100000
Current step is 1100/100000
About 1409.6356 minutes remaining...
Current step is 1150/100000
Current step is 1150/100000
About 196.7514 minutes remaining...
Current step is 1200/100000
Current step is 1200/100000
About 181.8904 minutes remaining...
Current step is 1250/100000
Current step is 1250/100000
About 360.8581 minutes remaining...
Current step is 1300/100000
Current step is 1300/100000
About 198.3281 minutes remaining...
Current step is 1350/100000
Current step is 1350/100000
About 169.2771 minutes remaining...
Current step is 1400/100000
Current step is 1400/100000
About 174.5361 minutes remaining...
Current step is 1450/100000
Current step is 1450/100000
About 244.0192 minutes remaining...
Current step is 1500/100000
Current step is 1500/100000
About 176.1776 minutes remaining...
Current step is 1550/100000
Current step is 1550/100000
About 208.018 minutes remaining...
Current step is 1600/100000
Current step is 1600/100000
About 253.9411 minutes remaining...
Current step is 1650/100000
Current step is 1650/100000
About 166.8583 minutes remaining...
Current step is 1700/100000
Current step is 1700/100000
About 164.5484 minutes remaining...
Current step is 1750/100000
Current step is 1750/100000
About 258.5218 minutes remaining...
Current step is 1800/100000
Current step is 1800/100000
About 193.8909 minutes remaining...
Current step is 1850/100000
Current step is 1850/100000
About 194.232 minutes remaining...
Current step is 1900/100000
Current step is 1900/100000
About 154.308 minutes remaining...
Current step is 1950/100000
Current step is 1950/100000
About 559.6319 minutes remaining...
Current step is 2000/100000
Current step is 2000/100000
About 799.9168 minutes remaining...
Current step is 2050/100000
Current step is 2050/100000
About 989.4756 minutes remaining...
Current step is 2100/100000
Current step is 2100/100000
About 1014.1491 minutes remaining...
Current step is 2150/100000
Current step is 2150/100000
About 407.9356 minutes remaining...
Current step is 2200/100000
Current step is 2200/100000
About 834.5294 minutes remaining...
Current step is 2250/100000
Current step is 2250/100000
About 329.7928 minutes remaining...
Current step is 2300/100000
Current step is 2300/100000
About 190.4504 minutes remaining...
Current step is 2350/100000
Current step is 2350/100000
About 1078.0469 minutes remaining...
Current step is 2400/100000
Current step is 2400/100000
About 126.2642 minutes remaining...
Current step is 2450/100000
Current step is 2450/100000
About 108.395 minutes remaining...
Current step is 2500/100000
Current step is 2500/100000
About 112.7148 minutes remaining...
Current step is 2550/100000
Current step is 2550/100000
About 104.4995 minutes remaining...
Current step is 2600/100000
Current step is 2600/100000
About 90.5294 minutes remaining...
Current step is 2650/100000
Current step is 2650/100000
About 92.9117 minutes remaining...
Current step is 2700/100000
Current step is 2700/100000
About 82.3004 minutes remaining...
Current step is 2750/100000
Current step is 2750/100000
About 147.1142 minutes remaining...
Current step is 2800/100000
Current step is 2800/100000
About 95.119 minutes remaining...
Current step is 2850/100000
Current step is 2850/100000
About 120.8249 minutes remaining...
Current step is 2900/100000
Current step is 2900/100000
About 80.0511 minutes remaining...
Current step is 2950/100000
Current step is 2950/100000
About 63.5141 minutes remaining...
Current step is 3000/100000
Current step is 3000/100000
About 80.9698 minutes remaining...
Current step is 3050/100000
Current step is 3050/100000
About 77.8269 minutes remaining...
Current step is 3100/100000
Current step is 3100/100000
About 105.7687 minutes remaining...
Current step is 3150/100000
Current step is 3150/100000
About 66.219 minutes remaining...
Current step is 3200/100000
Current step is 3200/100000
About 81.9134 minutes remaining...
Current step is 3250/100000
Current step is 3250/100000
About 56.0761 minutes remaining...
Current step is 3300/100000
Current step is 3300/100000
About 70.3881 minutes remaining...
Current step is 3350/100000
Current step is 3350/100000
About 84.5209 minutes remaining...
Current step is 3400/100000
Current step is 3400/100000
About 116.2723 minutes remaining...
Current step is 3450/100000
Current step is 3450/100000
About 78.8224 minutes remaining...
Current step is 3500/100000
Current step is 3500/100000
About 75.5562 minutes remaining...
Current step is 3550/100000
Current step is 3550/100000
About 58.4146 minutes remaining...
Current step is 3600/100000
Current step is 3600/100000
About 137.8789 minutes remaining...
Current step is 3650/100000
Current step is 3650/100000
About 61.2557 minutes remaining...
Current step is 3700/100000
Current step is 3700/100000
About 75.8233 minutes remaining...
Current step is 3750/100000
Current step is 3750/100000
About 69.3987 minutes remaining...
Current step is 3800/100000
Current step is 3800/100000
About 70.6931 minutes remaining...
Current step is 3850/100000
Current step is 3850/100000
About 1497.4229 minutes remaining...
Current step is 3900/100000
Current step is 3900/100000
About 58.4791 minutes remaining...
Current step is 3950/100000
Current step is 3950/100000
About 286.124 minutes remaining...
Current step is 4000/100000
Current step is 4000/100000
About 621.087 minutes remaining...
Current step is 4050/100000
Current step is 4050/100000
About 41.861 minutes remaining...
Current step is 4100/100000
Current step is 4100/100000
About 519.5625 minutes remaining...
Current step is 4150/100000
Current step is 4150/100000
About 105.1848 minutes remaining...
Current step is 4200/100000
Current step is 4200/100000
About 541.1827 minutes remaining...
Current step is 4250/100000
Current step is 4250/100000
About 49.3432 minutes remaining...
Current step is 4300/100000
Current step is 4300/100000
About 580.6339 minutes remaining...
Current step is 4350/100000
Current step is 4350/100000
