
ans =

     0

This is script #1/2 for HMMs
Station is J8

ans =

     0

J8
>>>>>>> HMM computation

testload = 

  <a href="matlab:helpPopup struct" style="font-weight:bold">struct</a> with fields:

       H: [14×33 double]
    Xpwr: [1×33 double]
    gain: [1×14 double]


dim =

    14

About 180.5608 minutes remaining...
Current step is 100/75000
About 170.7126 minutes remaining...
Current step is 200/75000
About 156.4156 minutes remaining...
Current step is 300/75000
About 169.5717 minutes remaining...
Current step is 400/75000
About 194.6814 minutes remaining...
Current step is 500/75000
About 154.2927 minutes remaining...
Current step is 600/75000
About 158.1394 minutes remaining...
Current step is 700/75000
About 181.0654 minutes remaining...
Current step is 800/75000
About 157.7286 minutes remaining...
Current step is 900/75000
About 158.6988 minutes remaining...
Current step is 1000/75000
About 158.2976 minutes remaining...
Current step is 1100/75000
About 173.523 minutes remaining...
Current step is 1200/75000
About 153.9308 minutes remaining...
Current step is 1300/75000
About 152.0461 minutes remaining...
Current step is 1400/75000
About 192.4892 minutes remaining...
Current step is 1500/75000
About 191.7821 minutes remaining...
Current step is 1600/75000
About 190.6552 minutes remaining...
Current step is 1700/75000
About 190.0497 minutes remaining...
Current step is 1800/75000
About 251.0328 minutes remaining...
Current step is 1900/75000
About 151.4087 minutes remaining...
Current step is 2000/75000
About 190.7176 minutes remaining...
Current step is 2100/75000
About 235.8539 minutes remaining...
Current step is 2200/75000
About 152.7519 minutes remaining...
Current step is 2300/75000
About 149.7721 minutes remaining...
Current step is 2400/75000
About 150.0966 minutes remaining...
Current step is 2500/75000
About 148.9718 minutes remaining...
Current step is 2600/75000
About 146.3252 minutes remaining...
Current step is 2700/75000
About 150.326 minutes remaining...
Current step is 2800/75000
About 321.6813 minutes remaining...
Current step is 2900/75000
About 150.0399 minutes remaining...
Current step is 3000/75000
About 224.6464 minutes remaining...
Current step is 3100/75000
About 174.7359 minutes remaining...
Current step is 3200/75000
About 199.0603 minutes remaining...
Current step is 3300/75000
About 171.6599 minutes remaining...
Current step is 3400/75000
About 163.9039 minutes remaining...
Current step is 3500/75000
About 162.8536 minutes remaining...
Current step is 3600/75000
About 181.5961 minutes remaining...
Current step is 3700/75000
About 165.1999 minutes remaining...
Current step is 3800/75000
About 161.7758 minutes remaining...
Current step is 3900/75000
About 185.5189 minutes remaining...
Current step is 4000/75000
About 188.7768 minutes remaining...
Current step is 4100/75000
About 160.289 minutes remaining...
Current step is 4200/75000
About 242.8356 minutes remaining...
Current step is 4300/75000
About 748.9987 minutes remaining...
Current step is 4400/75000
About 1282.416 minutes remaining...
Current step is 4500/75000
About 934.67 minutes remaining...
Current step is 4600/75000
About 1202.5565 minutes remaining...
Current step is 4700/75000
About 1294.113 minutes remaining...
Current step is 4800/75000
About 1809.0389 minutes remaining...
Current step is 4900/75000
About 1967.6494 minutes remaining...
Current step is 5000/75000
About 3082.3772 minutes remaining...
Current step is 5100/75000
About 3494.3739 minutes remaining...
Current step is 5200/75000
About 469.9649 minutes remaining...
Current step is 5300/75000
About 1292.6895 minutes remaining...
Current step is 5400/75000
About 1322.0876 minutes remaining...
Current step is 5500/75000
About 1199.7066 minutes remaining...
Current step is 5600/75000
About 1214.8129 minutes remaining...
Current step is 5700/75000
About 1581.9976 minutes remaining...
Current step is 5800/75000
About 1203.2815 minutes remaining...
Current step is 5900/75000
About 1158.358 minutes remaining...
Current step is 6000/75000
About 1934.0205 minutes remaining...
Current step is 6100/75000
About 3374.4955 minutes remaining...
Current step is 6200/75000
About 4278.2029 minutes remaining...
Current step is 6300/75000
About 7121.7948 minutes remaining...
Current step is 6400/75000
About 4370.1601 minutes remaining...
Current step is 6500/75000
About 5516.4426 minutes remaining...
Current step is 6600/75000
About 7875.587 minutes remaining...
Current step is 6700/75000
About 6438.5615 minutes remaining...
Current step is 6800/75000
About 7159.9566 minutes remaining...
Current step is 6900/75000
About 130.7058 minutes remaining...
Current step is 7000/75000
About 127.8564 minutes remaining...
Current step is 7100/75000
About 127.6787 minutes remaining...
Current step is 7200/75000
About 132.3357 minutes remaining...
Current step is 7300/75000
About 132.3951 minutes remaining...
Current step is 7400/75000
About 132.5047 minutes remaining...
Current step is 7500/75000
About 125.2445 minutes remaining...
Current step is 7600/75000
About 123.2646 minutes remaining...
Current step is 7700/75000
About 122.4572 minutes remaining...
Current step is 7800/75000
About 135.426 minutes remaining...
Current step is 7900/75000
About 125.2091 minutes remaining...
Current step is 8000/75000
About 127.2737 minutes remaining...
Current step is 8100/75000
About 123.361 minutes remaining...
Current step is 8200/75000
About 122.2241 minutes remaining...
Current step is 8300/75000
About 122.3689 minutes remaining...
Current step is 8400/75000
About 119.1307 minutes remaining...
Current step is 8500/75000
About 121.5271 minutes remaining...
Current step is 8600/75000
About 120.0928 minutes remaining...
Current step is 8700/75000
About 130.2749 minutes remaining...
Current step is 8800/75000
About 120.9415 minutes remaining...
Current step is 8900/75000
About 122.9158 minutes remaining...
Current step is 9000/75000
About 128.5297 minutes remaining...
Current step is 9100/75000
About 118.5918 minutes remaining...
Current step is 9200/75000
About 120.2349 minutes remaining...
Current step is 9300/75000
About 119.903 minutes remaining...
Current step is 9400/75000
About 118.366 minutes remaining...
Current step is 9500/75000
About 122.9999 minutes remaining...
Current step is 9600/75000
About 126.8622 minutes remaining...
Current step is 9700/75000
About 122.8015 minutes remaining...
Current step is 9800/75000
About 117.7876 minutes remaining...
Current step is 9900/75000
About 118.7109 minutes remaining...
Current step is 10000/75000
About 120.0342 minutes remaining...
Current step is 10100/75000
About 124.2522 minutes remaining...
Current step is 10200/75000
About 118.7122 minutes remaining...
Current step is 10300/75000
About 125.8146 minutes remaining...
Current step is 10400/75000
About 119.723 minutes remaining...
Current step is 10500/75000
About 117.3769 minutes remaining...
Current step is 10600/75000
About 115.6753 minutes remaining...
Current step is 10700/75000
About 126.0037 minutes remaining...
Current step is 10800/75000
About 127.9363 minutes remaining...
Current step is 10900/75000
About 122.2833 minutes remaining...
Current step is 11000/75000
About 117.1329 minutes remaining...
Current step is 11100/75000
About 119.611 minutes remaining...
Current step is 11200/75000
About 120.0639 minutes remaining...
Current step is 11300/75000
About 114.4688 minutes remaining...
Current step is 11400/75000
About 118.6275 minutes remaining...
Current step is 11500/75000
About 117.42 minutes remaining...
Current step is 11600/75000
About 118.3443 minutes remaining...
Current step is 11700/75000
About 114.4799 minutes remaining...
Current step is 11800/75000
About 122.6456 minutes remaining...
Current step is 11900/75000
About 114.1921 minutes remaining...
Current step is 12000/75000
About 113.6304 minutes remaining...
Current step is 12100/75000
About 115.9162 minutes remaining...
Current step is 12200/75000
