
ans =

     0

This is script #1/2 for NMF
Station is J8
J8
>>>>>>> NMF computation
Current step is 50/100000
Current step is 50/100000
About 507.3624 minutes remaining...
Current step is 100/100000
Current step is 100/100000
About 989.0769 minutes remaining...
Current step is 150/100000
Current step is 150/100000
About 394.9652 minutes remaining...
Current step is 200/100000
Current step is 200/100000
About 101.4171 minutes remaining...
Current step is 250/100000
Current step is 250/100000
About 80.8628 minutes remaining...
Current step is 300/100000
Current step is 300/100000
About 488.0219 minutes remaining...
Current step is 350/100000
Current step is 350/100000
About 191.7668 minutes remaining...
Current step is 400/100000
Current step is 400/100000
About 369.0404 minutes remaining...
Current step is 450/100000
Current step is 450/100000
About 933.0033 minutes remaining...
Current step is 500/100000
Current step is 500/100000
About 321.5559 minutes remaining...
Current step is 550/100000
Current step is 550/100000
About 666.6383 minutes remaining...
Current step is 600/100000
Current step is 600/100000
About 73.2241 minutes remaining...
Current step is 650/100000
Current step is 650/100000
About 1055.503 minutes remaining...
Current step is 700/100000
Current step is 700/100000
About 1007.5372 minutes remaining...
Current step is 750/100000
Current step is 750/100000
About 946.6102 minutes remaining...
Current step is 800/100000
Current step is 800/100000
About 325.2001 minutes remaining...
Current step is 850/100000
Current step is 850/100000
About 643.5634 minutes remaining...
Current step is 900/100000
Current step is 900/100000
About 507.4012 minutes remaining...
Current step is 950/100000
Current step is 950/100000
About 567.1718 minutes remaining...
Current step is 1000/100000
Current step is 1000/100000
About 612.657 minutes remaining...
Current step is 1050/100000
Current step is 1050/100000
About 571.2599 minutes remaining...
Current step is 1100/100000
Current step is 1100/100000
About 110.0507 minutes remaining...
Current step is 1150/100000
Current step is 1150/100000
About 467.4679 minutes remaining...
Current step is 1200/100000
Current step is 1200/100000
About 83.5398 minutes remaining...
Current step is 1250/100000
Current step is 1250/100000
About 68.2718 minutes remaining...
Current step is 1300/100000
Current step is 1300/100000
About 79.7551 minutes remaining...
Current step is 1350/100000
Current step is 1350/100000
About 54.8526 minutes remaining...
Current step is 1400/100000
Current step is 1400/100000
About 79.4655 minutes remaining...
Current step is 1450/100000
Current step is 1450/100000
About 90.7988 minutes remaining...
Current step is 1500/100000
Current step is 1500/100000
About 65.3467 minutes remaining...
Current step is 1550/100000
Current step is 1550/100000
About 69.6475 minutes remaining...
Current step is 1600/100000
Current step is 1600/100000
About 69.8068 minutes remaining...
Current step is 1650/100000
Current step is 1650/100000
About 83.7603 minutes remaining...
Current step is 1700/100000
Current step is 1700/100000
About 46.414 minutes remaining...
Current step is 1750/100000
Current step is 1750/100000
About 86.2772 minutes remaining...
Current step is 1800/100000
Current step is 1800/100000
About 78.6291 minutes remaining...
Current step is 1850/100000
Current step is 1850/100000
About 69.6988 minutes remaining...
Current step is 1900/100000
Current step is 1900/100000
About 70.516 minutes remaining...
Current step is 1950/100000
Current step is 1950/100000
About 75.7942 minutes remaining...
Current step is 2000/100000
Current step is 2000/100000
About 63.6309 minutes remaining...
Current step is 2050/100000
Current step is 2050/100000
About 70.3521 minutes remaining...
Current step is 2100/100000
Current step is 2100/100000
About 58.7278 minutes remaining...
Current step is 2150/100000
Current step is 2150/100000
About 86.0228 minutes remaining...
Current step is 2200/100000
Current step is 2200/100000
About 74.1694 minutes remaining...
Current step is 2250/100000
Current step is 2250/100000
About 52.0257 minutes remaining...
Current step is 2300/100000
Current step is 2300/100000
About 46.6103 minutes remaining...
Current step is 2350/100000
Current step is 2350/100000
About 47.6747 minutes remaining...
Current step is 2400/100000
Current step is 2400/100000
About 56.5579 minutes remaining...
Current step is 2450/100000
Current step is 2450/100000
About 40.195 minutes remaining...
Current step is 2500/100000
Current step is 2500/100000
About 45.8815 minutes remaining...
Current step is 2550/100000
Current step is 2550/100000
About 370.8743 minutes remaining...
Current step is 2600/100000
Current step is 2600/100000
About 796.7276 minutes remaining...
Current step is 2650/100000
Current step is 2650/100000
About 122.9616 minutes remaining...
Current step is 2700/100000
Current step is 2700/100000
About 555.0242 minutes remaining...
Current step is 2750/100000
Current step is 2750/100000
About 531.0456 minutes remaining...
Current step is 2800/100000
Current step is 2800/100000
About 556.3992 minutes remaining...
Current step is 2850/100000
Current step is 2850/100000
About 222.755 minutes remaining...
Current step is 2900/100000
Current step is 2900/100000
About 85.8285 minutes remaining...
Current step is 2950/100000
Current step is 2950/100000
About 111.5118 minutes remaining...
Current step is 3000/100000
Current step is 3000/100000
About 126.734 minutes remaining...
Current step is 3050/100000
Current step is 3050/100000
About 341.1329 minutes remaining...
Current step is 3100/100000
Current step is 3100/100000
About 84.7551 minutes remaining...
Current step is 3150/100000
Current step is 3150/100000
About 524.5524 minutes remaining...
Current step is 3200/100000
Current step is 3200/100000
About 274.1226 minutes remaining...
Current step is 3250/100000
Current step is 3250/100000
About 235.1644 minutes remaining...
Current step is 3300/100000
Current step is 3300/100000
About 222.9738 minutes remaining...
Current step is 3350/100000
Current step is 3350/100000
About 319.3725 minutes remaining...
Current step is 3400/100000
Current step is 3400/100000
About 325.2687 minutes remaining...
Current step is 3450/100000
Current step is 3450/100000
About 368.6223 minutes remaining...
Current step is 3500/100000
Current step is 3500/100000
About 433.4825 minutes remaining...
Current step is 3550/100000
Current step is 3550/100000
About 27.0528 minutes remaining...
Current step is 3600/100000
Current step is 3600/100000
About 31.7537 minutes remaining...
Current step is 3650/100000
Current step is 3650/100000
About 20.8562 minutes remaining...
Current step is 3700/100000
Current step is 3700/100000
About 19.9524 minutes remaining...
Current step is 3750/100000
Current step is 3750/100000
About 29.6157 minutes remaining...
Current step is 3800/100000
Current step is 3800/100000
About 18.3995 minutes remaining...
Current step is 3850/100000
Current step is 3850/100000
About 20.8095 minutes remaining...
Current step is 3900/100000
Current step is 3900/100000
About 21.929 minutes remaining...
Current step is 3950/100000
Current step is 3950/100000
About 17.0333 minutes remaining...
Current step is 4000/100000
Current step is 4000/100000
About 14.5903 minutes remaining...
Current step is 4050/100000
Current step is 4050/100000
About 20.2701 minutes remaining...
Current step is 4100/100000
Current step is 4100/100000
About 18.7783 minutes remaining...
Current step is 4150/100000
Current step is 4150/100000
About 19.279 minutes remaining...
Current step is 4200/100000
Current step is 4200/100000
About 19.4471 minutes remaining...
Current step is 4250/100000
Current step is 4250/100000
About 36.8333 minutes remaining...
Current step is 4300/100000
Current step is 4300/100000
About 15.8403 minutes remaining...
Current step is 4350/100000
Current step is 4350/100000
About 16.773 minutes remaining...
