
ans =

     0

This is script #2/2 for NMF
X years of data, Station is J8

ans =

     0

J8
>>>>>>> H matrix computation
Finished 1: 1.153 minutes left
Finished 2: 1.0407 minutes left
Finished 3: 0.98229 minutes left
Finished 4: 0.94708 minutes left
Finished 5: 0.94062 minutes left
Finished 6: 0.91594 minutes left
Finished 7: 0.90228 minutes left
Finished 8: 0.89168 minutes left
Finished 9: 0.90149 minutes left
Finished 10: 0.88892 minutes left
Finished 11: 0.87982 minutes left
Finished 12: 0.87761 minutes left
Finished 13: 0.87064 minutes left
Finished 14: 0.86452 minutes left
Finished 15: 0.85324 minutes left
Finished 16: 0.85035 minutes left
Finished 17: 0.84336 minutes left
Finished 18: 0.84277 minutes left
Finished 19: 0.83716 minutes left
Finished 20: 0.83425 minutes left
Finished 21: 0.83028 minutes left
Finished 22: 0.82593 minutes left
Finished 23: 0.82464 minutes left
Finished 24: 0.82315 minutes left
Finished 25: 0.82417 minutes left
Finished 26: 0.82156 minutes left
Finished 27: 0.81955 minutes left
Finished 28: 0.81587 minutes left
Finished 29: 0.81665 minutes left
Finished 30: 0.81323 minutes left
Finished 31: 0.81693 minutes left
Finished 32: 0.81746 minutes left
Finished 33: 0.81635 minutes left
Finished 34: 0.81519 minutes left
Finished 35: 0.8123 minutes left
Finished 36: 0.81104 minutes left
Finished 37: 0.80903 minutes left
Finished 38: 0.80828 minutes left
Finished 39: 0.80687 minutes left
Finished 40: 0.80522 minutes left
Finished 41: 0.80523 minutes left
Finished 42: 0.8031 minutes left
Finished 43: 0.80225 minutes left
Finished 44: 0.80054 minutes left
Finished 45: 0.79876 minutes left
Finished 46: 0.79828 minutes left
Finished 47: 0.80237 minutes left
Finished 48: 0.80719 minutes left
Finished 49: 0.80926 minutes left
Finished 50: 0.80807 minutes left
Finished 51: 0.80751 minutes left
Finished 52: 0.80738 minutes left
Finished 53: 0.80651 minutes left
Finished 54: 0.80793 minutes left
Finished 55: 0.8114 minutes left
Finished 56: 0.8149 minutes left
Finished 57: 0.81493 minutes left
Finished 58: 0.81518 minutes left
Finished 59: 0.81524 minutes left
Finished 60: 0.81459 minutes left
Finished 61: 0.81282 minutes left
Finished 62: 0.81116 minutes left
Finished 63: 0.80932 minutes left
Finished 64: 0.80712 minutes left
Finished 65: 0.80607 minutes left
Finished 66: 0.80383 minutes left
Finished 67: 0.80213 minutes left
Finished 68: 0.80197 minutes left
Finished 69: 0.80124 minutes left
Finished 70: 0.80046 minutes left
Finished 71: 0.79932 minutes left
Finished 72: 0.79743 minutes left
Finished 73: 0.79619 minutes left
Finished 74: 0.79545 minutes left
Finished 75: 0.79477 minutes left
Finished 76: 0.79404 minutes left
Finished 77: 0.79293 minutes left
Finished 78: 0.79286 minutes left
Finished 79: 0.7915 minutes left
Finished 80: 0.79077 minutes left
Finished 81: 0.78958 minutes left
Finished 82: 0.78839 minutes left
Finished 83: 0.78754 minutes left
Finished 84: 0.7868 minutes left
Finished 85: 0.78599 minutes left
Finished 86: 0.78479 minutes left
Finished 87: 0.78319 minutes left
Finished 88: 0.78282 minutes left
Finished 89: 0.78196 minutes left
Finished 90: 0.78096 minutes left
Finished 91: 0.78053 minutes left
Finished 92: 0.78034 minutes left
Finished 93: 0.77923 minutes left
Finished 94: 0.77775 minutes left
Finished 95: 0.77741 minutes left
Finished 96: 0.77532 minutes left
Finished 97: 0.77473 minutes left
Finished 98: 0.77292 minutes left
Finished 99: 0.77217 minutes left
Finished 100: 0.77163 minutes left
Finished 101: 0.77014 minutes left
Finished 102: 0.76909 minutes left
Finished 103: 0.76746 minutes left
Finished 104: 0.76683 minutes left
Finished 105: 0.76542 minutes left
Finished 106: 0.76429 minutes left
Finished 107: 0.76319 minutes left
Finished 108: 0.76271 minutes left
Finished 109: 0.76153 minutes left
Finished 110: 0.76081 minutes left
Finished 111: 0.75939 minutes left
Finished 112: 0.75874 minutes left
Finished 113: 0.7575 minutes left
Finished 114: 0.75657 minutes left
Finished 115: 0.75558 minutes left
Finished 116: 0.75453 minutes left
Finished 117: 0.75332 minutes left
Finished 118: 0.75265 minutes left
Finished 119: 0.75238 minutes left
Finished 120: 0.75111 minutes left
Finished 121: 0.75047 minutes left
Finished 122: 0.74946 minutes left
Finished 123: 0.74873 minutes left
Finished 124: 0.74767 minutes left
Finished 125: 0.74669 minutes left
Finished 126: 0.74614 minutes left
Finished 127: 0.74577 minutes left
Finished 128: 0.74461 minutes left
Finished 129: 0.74355 minutes left
Finished 130: 0.74277 minutes left
Finished 131: 0.74153 minutes left
Finished 132: 0.74037 minutes left
Finished 133: 0.73967 minutes left
Finished 134: 0.73855 minutes left
Finished 135: 0.73807 minutes left
Finished 136: 0.7369 minutes left
Finished 137: 0.73646 minutes left
Finished 138: 0.73532 minutes left
Finished 139: 0.73424 minutes left
Finished 140: 0.73358 minutes left
Finished 141: 0.73282 minutes left
Finished 142: 0.73218 minutes left
Finished 143: 0.73123 minutes left
Finished 144: 0.73064 minutes left
Finished 145: 0.73003 minutes left
Finished 146: 0.7295 minutes left
Finished 147: 0.72869 minutes left
Finished 148: 0.7281 minutes left
Finished 149: 0.72767 minutes left
Finished 150: 0.72665 minutes left
Finished 151: 0.72639 minutes left
Finished 152: 0.72502 minutes left
Finished 153: 0.72447 minutes left
Finished 154: 0.72381 minutes left
Finished 155: 0.7232 minutes left
Finished 156: 0.722 minutes left
Finished 157: 0.72093 minutes left
Finished 158: 0.71993 minutes left
Finished 159: 0.71945 minutes left
Finished 160: 0.71857 minutes left
Finished 161: 0.71813 minutes left
Finished 162: 0.71761 minutes left
Finished 163: 0.7171 minutes left
Finished 164: 0.71634 minutes left
Finished 165: 0.71602 minutes left
Finished 166: 0.71533 minutes left
Finished 167: 0.71488 minutes left
Finished 168: 0.71401 minutes left
Finished 169: 0.71314 minutes left
Finished 170: 0.71257 minutes left
Finished 171: 0.71217 minutes left
Finished 172: 0.71166 minutes left
Finished 173: 0.71101 minutes left
Finished 174: 0.71009 minutes left
Finished 175: 0.70908 minutes left
Finished 176: 0.70848 minutes left
Finished 177: 0.70833 minutes left
Finished 178: 0.7077 minutes left
Finished 179: 0.70737 minutes left
Finished 180: 0.70634 minutes left
Finished 181: 0.70586 minutes left
Finished 182: 0.70532 minutes left
Finished 183: 0.70477 minutes left
Finished 184: 0.70436 minutes left
Finished 185: 0.70408 minutes left
Finished 186: 0.7037 minutes left
Finished 187: 0.70283 minutes left
Finished 188: 0.70216 minutes left
Finished 189: 0.70136 minutes left
Finished 190: 0.70084 minutes left
Finished 191: 0.70014 minutes left
Finished 192: 0.69968 minutes left
Finished 193: 0.69859 minutes left
Finished 194: 0.69814 minutes left
Finished 195: 0.69745 minutes left
Finished 196: 0.69713 minutes left
Finished 197: 0.69654 minutes left
Finished 198: 0.69619 minutes left
Finished 199: 0.69531 minutes left
Finished 200: 0.69464 minutes left
Finished 201: 0.69386 minutes left
Finished 202: 0.6933 minutes left
Finished 203: 0.69264 minutes left
Finished 204: 0.69222 minutes left
Finished 205: 0.69138 minutes left
Finished 206: 0.69091 minutes left
Finished 207: 0.69032 minutes left
Finished 208: 0.68974 minutes left
Finished 209: 0.68938 minutes left
Finished 210: 0.68898 minutes left
Finished 211: 0.68829 minutes left
Finished 212: 0.68786 minutes left
Finished 213: 0.68735 minutes left
Finished 214: 0.68635 minutes left
Finished 215: 0.68563 minutes left
Finished 216: 0.68516 minutes left
Finished 217: 0.68507 minutes left
Finished 218: 0.68518 minutes left
Finished 219: 0.68449 minutes left
Finished 220: 0.68399 minutes left
Finished 221: 0.68323 minutes left
Finished 222: 0.68284 minutes left
Finished 223: 0.68229 minutes left
Finished 224: 0.6818 minutes left
Finished 225: 0.68119 minutes left
Finished 226: 0.68075 minutes left
Finished 227: 0.68027 minutes left
Finished 228: 0.67967 minutes left
