
ans =

     0

This is script #1/2 for HMMs
Station is J8

ans =

     0

J8
>>>>>>> HMM computation

testload = 

  struct with fields:

       H: [59x72 single]
    Xpwr: [1x72 single]
    gain: [1x59 single]


dim =

    59

About 150.7682 minutes remaining...
Current step is 100/75000
About 151.1774 minutes remaining...
Current step is 200/75000
About 152.0217 minutes remaining...
Current step is 300/75000
About 150.6401 minutes remaining...
Current step is 400/75000
About 176.5702 minutes remaining...
Current step is 500/75000
About 157.2654 minutes remaining...
Current step is 600/75000
About 149.15 minutes remaining...
Current step is 700/75000
About 158.4526 minutes remaining...
Current step is 800/75000
About 150.1432 minutes remaining...
Current step is 900/75000
About 153.4045 minutes remaining...
Current step is 1000/75000
About 153.4635 minutes remaining...
Current step is 1100/75000
About 147.2191 minutes remaining...
Current step is 1200/75000
About 150.472 minutes remaining...
Current step is 1300/75000
About 151.4744 minutes remaining...
Current step is 1400/75000
About 152.0721 minutes remaining...
Current step is 1500/75000
About 144.3808 minutes remaining...
Current step is 1600/75000
About 148.6548 minutes remaining...
Current step is 1700/75000
About 148.7771 minutes remaining...
Current step is 1800/75000
About 148.9272 minutes remaining...
Current step is 1900/75000
About 148.3719 minutes remaining...
Current step is 2000/75000
About 148.0019 minutes remaining...
Current step is 2100/75000
About 148.6139 minutes remaining...
Current step is 2200/75000
About 148.0769 minutes remaining...
Current step is 2300/75000
About 161.5978 minutes remaining...
Current step is 2400/75000
About 168.518 minutes remaining...
Current step is 2500/75000
About 147.4657 minutes remaining...
Current step is 2600/75000
About 146.9716 minutes remaining...
Current step is 2700/75000
About 157.9769 minutes remaining...
Current step is 2800/75000
About 163.4189 minutes remaining...
Current step is 2900/75000
About 167.1097 minutes remaining...
Current step is 3000/75000
About 157.9588 minutes remaining...
Current step is 3100/75000
About 162.2157 minutes remaining...
Current step is 3200/75000
About 166.9869 minutes remaining...
Current step is 3300/75000
About 164.0151 minutes remaining...
Current step is 3400/75000
About 158.1099 minutes remaining...
Current step is 3500/75000
About 147.3307 minutes remaining...
Current step is 3600/75000
About 145.0921 minutes remaining...
Current step is 3700/75000
About 144.5807 minutes remaining...
Current step is 3800/75000
About 142.9675 minutes remaining...
Current step is 3900/75000
About 151.6479 minutes remaining...
Current step is 4000/75000
About 153.2776 minutes remaining...
Current step is 4100/75000
About 148.1754 minutes remaining...
Current step is 4200/75000
About 142.1454 minutes remaining...
Current step is 4300/75000
About 155.9209 minutes remaining...
Current step is 4400/75000
About 151.5451 minutes remaining...
Current step is 4500/75000
About 149.7489 minutes remaining...
Current step is 4600/75000
About 140.7759 minutes remaining...
Current step is 4700/75000
About 150.7674 minutes remaining...
Current step is 4800/75000
About 157.4509 minutes remaining...
Current step is 4900/75000
About 161.2428 minutes remaining...
Current step is 5000/75000
About 149.6542 minutes remaining...
Current step is 5100/75000
About 154.2711 minutes remaining...
Current step is 5200/75000
About 148.3005 minutes remaining...
Current step is 5300/75000
About 149.9159 minutes remaining...
Current step is 5400/75000
About 146.1309 minutes remaining...
Current step is 5500/75000
About 161.3912 minutes remaining...
Current step is 5600/75000
About 155.3178 minutes remaining...
Current step is 5700/75000
About 149.7655 minutes remaining...
Current step is 5800/75000
About 156.9956 minutes remaining...
Current step is 5900/75000
About 155.3541 minutes remaining...
Current step is 6000/75000
About 240.2386 minutes remaining...
Current step is 6100/75000
About 155.4001 minutes remaining...
Current step is 6200/75000
About 217.1326 minutes remaining...
Current step is 6300/75000
About 206.1888 minutes remaining...
Current step is 6400/75000
About 144.7718 minutes remaining...
Current step is 6500/75000
About 146.9846 minutes remaining...
Current step is 6600/75000
About 143.988 minutes remaining...
Current step is 6700/75000
About 146.9799 minutes remaining...
Current step is 6800/75000
About 141.9844 minutes remaining...
Current step is 6900/75000
About 146.2539 minutes remaining...
Current step is 7000/75000
About 155.9964 minutes remaining...
Current step is 7100/75000
About 163.612 minutes remaining...
Current step is 7200/75000
About 158.7107 minutes remaining...
Current step is 7300/75000
About 181.0489 minutes remaining...
Current step is 7400/75000
About 157.984 minutes remaining...
Current step is 7500/75000
About 148.641 minutes remaining...
Current step is 7600/75000
About 142.1183 minutes remaining...
Current step is 7700/75000
About 140.4729 minutes remaining...
Current step is 7800/75000
About 145.2255 minutes remaining...
Current step is 7900/75000
About 143.4822 minutes remaining...
Current step is 8000/75000
About 135.243 minutes remaining...
Current step is 8100/75000
About 147.3899 minutes remaining...
Current step is 8200/75000
About 139.215 minutes remaining...
Current step is 8300/75000
About 134.6642 minutes remaining...
Current step is 8400/75000
About 147.0751 minutes remaining...
Current step is 8500/75000
About 137.1044 minutes remaining...
Current step is 8600/75000
About 145.7914 minutes remaining...
Current step is 8700/75000
About 137.1861 minutes remaining...
Current step is 8800/75000
About 137.8098 minutes remaining...
Current step is 8900/75000
About 134.3477 minutes remaining...
Current step is 9000/75000
About 131.7773 minutes remaining...
Current step is 9100/75000
About 141.678 minutes remaining...
Current step is 9200/75000
About 137.9766 minutes remaining...
Current step is 9300/75000
About 141.272 minutes remaining...
Current step is 9400/75000
About 136.7841 minutes remaining...
Current step is 9500/75000
About 145.6459 minutes remaining...
Current step is 9600/75000
About 145.3917 minutes remaining...
Current step is 9700/75000
About 134.1345 minutes remaining...
Current step is 9800/75000
About 131.5818 minutes remaining...
Current step is 9900/75000
About 146.3867 minutes remaining...
Current step is 10000/75000
About 142.0428 minutes remaining...
Current step is 10100/75000
About 140.7413 minutes remaining...
Current step is 10200/75000
About 139.3838 minutes remaining...
Current step is 10300/75000
About 134.2498 minutes remaining...
Current step is 10400/75000
About 134.2384 minutes remaining...
Current step is 10500/75000
About 134.9532 minutes remaining...
Current step is 10600/75000
About 162.9556 minutes remaining...
Current step is 10700/75000
About 132.17 minutes remaining...
Current step is 10800/75000
About 132.6409 minutes remaining...
Current step is 10900/75000
About 134.5817 minutes remaining...
Current step is 11000/75000
About 154.3855 minutes remaining...
Current step is 11100/75000
About 154.3693 minutes remaining...
Current step is 11200/75000
About 144.6549 minutes remaining...
Current step is 11300/75000
About 144.0602 minutes remaining...
Current step is 11400/75000
About 133.3129 minutes remaining...
Current step is 11500/75000
About 138.9749 minutes remaining...
Current step is 11600/75000
About 145.8568 minutes remaining...
Current step is 11700/75000
About 137.7137 minutes remaining...
Current step is 11800/75000
About 144.2616 minutes remaining...
Current step is 11900/75000
About 142.4816 minutes remaining...
Current step is 12000/75000
About 147.7689 minutes remaining...
Current step is 12100/75000
About 152.2416 minutes remaining...
Current step is 12200/75000
About 155.2832 minutes remaining...
Current step is 12300/75000
